Starting Sandbox Agent v2.0.0 on 127.0.0.1:8765
INFO:     127.0.0.1:55503 - "POST /sessions/start HTTP/1.1" 200 OK
INFO:     127.0.0.1:55504 - "GET /sessions/20311890-bb32-49d0-b232-ed217ccfeaf5 HTTP/1.1" 200 OK
INFO:     127.0.0.1:55505 - "GET /sessions/20311890-bb32-49d0-b232-ed217ccfeaf5 HTTP/1.1" 200 OK
INFO:     127.0.0.1:55506 - "GET /sessions/20311890-bb32-49d0-b232-ed217ccfeaf5 HTTP/1.1" 200 OK
INFO:     127.0.0.1:55507 - "GET /sessions/20311890-bb32-49d0-b232-ed217ccfeaf5 HTTP/1.1" 200 OK
INFO:     127.0.0.1:55508 - "GET /sessions/20311890-bb32-49d0-b232-ed217ccfeaf5 HTTP/1.1" 200 OK
INFO:     127.0.0.1:55509 - "GET /sessions/20311890-bb32-49d0-b232-ed217ccfeaf5 HTTP/1.1" 200 OK
INFO:     127.0.0.1:55510 - "GET /sessions/20311890-bb32-49d0-b232-ed217ccfeaf5 HTTP/1.1" 200 OK
INFO:     127.0.0.1:55511 - "GET /sessions/20311890-bb32-49d0-b232-ed217ccfeaf5 HTTP/1.1" 200 OK
INFO:     127.0.0.1:55512 - "GET /sessions/20311890-bb32-49d0-b232-ed217ccfeaf5 HTTP/1.1" 200 OK
INFO:     127.0.0.1:55514 - "GET /sessions/20311890-bb32-49d0-b232-ed217ccfeaf5 HTTP/1.1" 200 OK
INFO:     127.0.0.1:55516 - "GET /sessions/20311890-bb32-49d0-b232-ed217ccfeaf5 HTTP/1.1" 200 OK
INFO:     127.0.0.1:55517 - "GET /sessions/20311890-bb32-49d0-b232-ed217ccfeaf5 HTTP/1.1" 200 OK
INFO:     127.0.0.1:55520 - "GET /sessions/20311890-bb32-49d0-b232-ed217ccfeaf5 HTTP/1.1" 200 OK
INFO:     127.0.0.1:55522 - "GET /sessions/20311890-bb32-49d0-b232-ed217ccfeaf5 HTTP/1.1" 200 OK
INFO:     127.0.0.1:55526 - "GET /sessions/20311890-bb32-49d0-b232-ed217ccfeaf5 HTTP/1.1" 200 OK
INFO:     127.0.0.1:55529 - "GET /sessions/20311890-bb32-49d0-b232-ed217ccfeaf5 HTTP/1.1" 200 OK
INFO:     127.0.0.1:55532 - "GET /sessions/20311890-bb32-49d0-b232-ed217ccfeaf5 HTTP/1.1" 200 OK
INFO:     127.0.0.1:54472 - "GET /sessions/20311890-bb32-49d0-b232-ed217ccfeaf5 HTTP/1.1" 200 OK
INFO:     127.0.0.1:54487 - "GET /sessions HTTP/1.1" 200 OK
INFO:     127.0.0.1:54487 - "GET /sessions HTTP/1.1" 200 OK
INFO:     127.0.0.1:54487 - "GET /sessions/True%2020311890-bb32-49d0-b232-ed217ccfeaf5/events HTTP/1.1" 200 OK
INFO:     127.0.0.1:54489 - "GET /sessions HTTP/1.1" 200 OK
INFO:     127.0.0.1:54489 - "GET /sessions/20311890-bb32-49d0-b232-ed217ccfeaf5/events HTTP/1.1" 200 OK
INFO:     127.0.0.1:54597 - "GET /health HTTP/1.1" 200 OK
INFO:     127.0.0.1:54602 - "GET /health HTTP/1.1" 200 OK
INFO:     127.0.0.1:56610 - "GET /health HTTP/1.1" 200 OK
INFO:     127.0.0.1:56610 - "GET /health HTTP/1.1" 200 OK
INFO:     127.0.0.1:56610 - "GET /simulators HTTP/1.1" 200 OK
INFO:     127.0.0.1:64613 - "GET /health HTTP/1.1" 200 OK
INFO:     127.0.0.1:64614 - "GET /monitoring/status HTTP/1.1" 200 OK
INFO:     127.0.0.1:64615 - "GET /execution/status HTTP/1.1" 200 OK
INFO:     127.0.0.1:56610 - "GET /logs?limit=200 HTTP/1.1" 200 OK
INFO:     127.0.0.1:64613 - "GET /health HTTP/1.1" 200 OK
INFO:     127.0.0.1:49674 - "GET /simulators HTTP/1.1" 200 OK
INFO:     127.0.0.1:64614 - "GET /monitoring/status HTTP/1.1" 200 OK
INFO:     127.0.0.1:56610 - "GET /execution/status HTTP/1.1" 200 OK
INFO:     127.0.0.1:64615 - "GET /logs?limit=200 HTTP/1.1" 200 OK
INFO:     127.0.0.1:64614 - "GET /health HTTP/1.1" 200 OK
INFO:     127.0.0.1:64615 - "GET /simulators HTTP/1.1" 200 OK
INFO:     127.0.0.1:56610 - "GET /monitoring/status HTTP/1.1" 200 OK
INFO:     127.0.0.1:49674 - "GET /execution/status HTTP/1.1" 200 OK
INFO:     127.0.0.1:64613 - "GET /logs?limit=200 HTTP/1.1" 200 OK
INFO:     127.0.0.1:64613 - "GET /health HTTP/1.1" 200 OK
INFO:     127.0.0.1:49674 - "GET /simulators HTTP/1.1" 200 OK
INFO:     127.0.0.1:56610 - "GET /monitoring/status HTTP/1.1" 200 OK
INFO:     127.0.0.1:64615 - "GET /execution/status HTTP/1.1" 200 OK
INFO:     127.0.0.1:64614 - "GET /logs?limit=200 HTTP/1.1" 200 OK
INFO:     127.0.0.1:64614 - "GET /health HTTP/1.1" 200 OK
INFO:     127.0.0.1:64614 - "GET /monitoring/status HTTP/1.1" 200 OK
INFO:     127.0.0.1:64615 - "GET /health HTTP/1.1" 200 OK
INFO:     127.0.0.1:56610 - "GET /execution/status HTTP/1.1" 200 OK
INFO:     127.0.0.1:56610 - "GET /health HTTP/1.1" 200 OK
INFO:     127.0.0.1:64615 - "GET /monitoring/status HTTP/1.1" 200 OK
INFO:     127.0.0.1:64614 - "GET /execution/status HTTP/1.1" 200 OK
INFO:     127.0.0.1:64614 - "POST /sessions/start HTTP/1.1" 200 OK
INFO:     127.0.0.1:64614 - "GET /execution/status HTTP/1.1" 200 OK
INFO:     127.0.0.1:64614 - "GET /sessions/1e5bbe1c-6c38-4589-9b81-ac2669f18e56 HTTP/1.1" 200 OK
INFO:     127.0.0.1:64614 - "GET /health HTTP/1.1" 200 OK
INFO:     127.0.0.1:64615 - "GET /monitoring/status HTTP/1.1" 200 OK
INFO:     127.0.0.1:56610 - "GET /execution/status HTTP/1.1" 200 OK
INFO:     127.0.0.1:56610 - "GET /health HTTP/1.1" 200 OK
INFO:     127.0.0.1:56610 - "GET /sessions/1e5bbe1c-6c38-4589-9b81-ac2669f18e56 HTTP/1.1" 200 OK
INFO:     127.0.0.1:56610 - "GET /health HTTP/1.1" 200 OK
INFO:     127.0.0.1:64615 - "GET /monitoring/status HTTP/1.1" 200 OK
INFO:     127.0.0.1:64614 - "GET /execution/status HTTP/1.1" 200 OK
INFO:     127.0.0.1:64614 - "GET /sessions/1e5bbe1c-6c38-4589-9b81-ac2669f18e56 HTTP/1.1" 200 OK
INFO:     127.0.0.1:64614 - "GET /health HTTP/1.1" 200 OK
INFO:     127.0.0.1:64615 - "GET /monitoring/status HTTP/1.1" 200 OK
INFO:     127.0.0.1:56610 - "GET /execution/status HTTP/1.1" 200 OK
INFO:     127.0.0.1:56610 - "GET /sessions/1e5bbe1c-6c38-4589-9b81-ac2669f18e56 HTTP/1.1" 200 OK
INFO:     127.0.0.1:56610 - "GET /health HTTP/1.1" 200 OK
INFO:     127.0.0.1:64615 - "GET /monitoring/status HTTP/1.1" 200 OK
INFO:     127.0.0.1:64614 - "GET /execution/status HTTP/1.1" 200 OK
INFO:     127.0.0.1:64614 - "GET /sessions/1e5bbe1c-6c38-4589-9b81-ac2669f18e56 HTTP/1.1" 200 OK
INFO:     127.0.0.1:64614 - "GET /health HTTP/1.1" 200 OK
INFO:     127.0.0.1:64615 - "GET /monitoring/status HTTP/1.1" 200 OK
INFO:     127.0.0.1:56610 - "GET /execution/status HTTP/1.1" 200 OK
INFO:     127.0.0.1:56610 - "GET /sessions/1e5bbe1c-6c38-4589-9b81-ac2669f18e56 HTTP/1.1" 200 OK
INFO:     127.0.0.1:56610 - "GET /health HTTP/1.1" 200 OK
INFO:     127.0.0.1:64615 - "GET /monitoring/status HTTP/1.1" 200 OK
INFO:     127.0.0.1:64614 - "GET /execution/status HTTP/1.1" 200 OK
INFO:     127.0.0.1:64615 - "GET /health HTTP/1.1" 200 OK
INFO:     127.0.0.1:64615 - "GET /sessions/1e5bbe1c-6c38-4589-9b81-ac2669f18e56 HTTP/1.1" 200 OK
INFO:     127.0.0.1:64615 - "GET /health HTTP/1.1" 200 OK
INFO:     127.0.0.1:64614 - "GET /monitoring/status HTTP/1.1" 200 OK
INFO:     127.0.0.1:56610 - "GET /execution/status HTTP/1.1" 200 OK
INFO:     127.0.0.1:56610 - "GET /sessions/1e5bbe1c-6c38-4589-9b81-ac2669f18e56 HTTP/1.1" 200 OK
INFO:     127.0.0.1:56610 - "GET /health HTTP/1.1" 200 OK
INFO:     127.0.0.1:64614 - "GET /monitoring/status HTTP/1.1" 200 OK
INFO:     127.0.0.1:64615 - "GET /execution/status HTTP/1.1" 200 OK
INFO:     127.0.0.1:64615 - "GET /sessions/1e5bbe1c-6c38-4589-9b81-ac2669f18e56 HTTP/1.1" 200 OK
INFO:     127.0.0.1:64615 - "GET /health HTTP/1.1" 200 OK
INFO:     127.0.0.1:64614 - "GET /monitoring/status HTTP/1.1" 200 OK
INFO:     127.0.0.1:56610 - "GET /execution/status HTTP/1.1" 200 OK
INFO:     127.0.0.1:56610 - "GET /sessions/1e5bbe1c-6c38-4589-9b81-ac2669f18e56 HTTP/1.1" 200 OK
INFO:     127.0.0.1:56610 - "GET /health HTTP/1.1" 200 OK
INFO:     127.0.0.1:64614 - "GET /monitoring/status HTTP/1.1" 200 OK
INFO:     127.0.0.1:64615 - "GET /execution/status HTTP/1.1" 200 OK
INFO:     127.0.0.1:64615 - "GET /sessions/1e5bbe1c-6c38-4589-9b81-ac2669f18e56 HTTP/1.1" 200 OK
INFO:     127.0.0.1:64615 - "GET /health HTTP/1.1" 200 OK
INFO:     127.0.0.1:64614 - "GET /monitoring/status HTTP/1.1" 200 OK
INFO:     127.0.0.1:56610 - "GET /execution/status HTTP/1.1" 200 OK
INFO:     127.0.0.1:56610 - "GET /health HTTP/1.1" 200 OK
INFO:     127.0.0.1:56610 - "GET /sessions/1e5bbe1c-6c38-4589-9b81-ac2669f18e56 HTTP/1.1" 200 OK
INFO:     127.0.0.1:56610 - "GET /health HTTP/1.1" 200 OK
INFO:     127.0.0.1:64614 - "GET /monitoring/status HTTP/1.1" 200 OK
INFO:     127.0.0.1:64615 - "GET /execution/status HTTP/1.1" 200 OK
INFO:     127.0.0.1:64615 - "GET /sessions/1e5bbe1c-6c38-4589-9b81-ac2669f18e56 HTTP/1.1" 200 OK
INFO:     127.0.0.1:64615 - "GET /health HTTP/1.1" 200 OK
INFO:     127.0.0.1:64614 - "GET /monitoring/status HTTP/1.1" 200 OK
INFO:     127.0.0.1:56610 - "GET /execution/status HTTP/1.1" 200 OK
INFO:     127.0.0.1:56610 - "GET /sessions/1e5bbe1c-6c38-4589-9b81-ac2669f18e56 HTTP/1.1" 200 OK
INFO:     127.0.0.1:56610 - "GET /health HTTP/1.1" 200 OK
INFO:     127.0.0.1:64614 - "GET /monitoring/status HTTP/1.1" 200 OK
INFO:     127.0.0.1:64615 - "GET /execution/status HTTP/1.1" 200 OK
INFO:     127.0.0.1:64615 - "GET /sessions/1e5bbe1c-6c38-4589-9b81-ac2669f18e56 HTTP/1.1" 200 OK
INFO:     127.0.0.1:64615 - "GET /health HTTP/1.1" 200 OK
INFO:     127.0.0.1:64614 - "GET /monitoring/status HTTP/1.1" 200 OK
INFO:     127.0.0.1:56610 - "GET /execution/status HTTP/1.1" 200 OK
INFO:     127.0.0.1:56610 - "GET /sessions/1e5bbe1c-6c38-4589-9b81-ac2669f18e56 HTTP/1.1" 200 OK
INFO:     127.0.0.1:56610 - "GET /health HTTP/1.1" 200 OK
INFO:     127.0.0.1:64614 - "GET /monitoring/status HTTP/1.1" 200 OK
INFO:     127.0.0.1:64615 - "GET /execution/status HTTP/1.1" 200 OK
INFO:     127.0.0.1:64615 - "GET /health HTTP/1.1" 200 OK
INFO:     127.0.0.1:64615 - "GET /sessions/1e5bbe1c-6c38-4589-9b81-ac2669f18e56 HTTP/1.1" 200 OK
INFO:     127.0.0.1:64615 - "GET /health HTTP/1.1" 200 OK
INFO:     127.0.0.1:64614 - "GET /monitoring/status HTTP/1.1" 200 OK
INFO:     127.0.0.1:56610 - "GET /execution/status HTTP/1.1" 200 OK
INFO:     127.0.0.1:56610 - "GET /sessions/1e5bbe1c-6c38-4589-9b81-ac2669f18e56 HTTP/1.1" 200 OK
INFO:     127.0.0.1:56610 - "GET /health HTTP/1.1" 200 OK
INFO:     127.0.0.1:64614 - "GET /monitoring/status HTTP/1.1" 200 OK
INFO:     127.0.0.1:64615 - "GET /execution/status HTTP/1.1" 200 OK
INFO:     127.0.0.1:64615 - "GET /sessions/1e5bbe1c-6c38-4589-9b81-ac2669f18e56 HTTP/1.1" 200 OK
INFO:     127.0.0.1:64615 - "GET /health HTTP/1.1" 200 OK
INFO:     127.0.0.1:64614 - "GET /monitoring/status HTTP/1.1" 200 OK
INFO:     127.0.0.1:56610 - "GET /execution/status HTTP/1.1" 200 OK
INFO:     127.0.0.1:56610 - "GET /sessions/1e5bbe1c-6c38-4589-9b81-ac2669f18e56 HTTP/1.1" 200 OK
INFO:     127.0.0.1:56610 - "GET /health HTTP/1.1" 200 OK
INFO:     127.0.0.1:64614 - "GET /monitoring/status HTTP/1.1" 200 OK
INFO:     127.0.0.1:64615 - "GET /execution/status HTTP/1.1" 200 OK
INFO:     127.0.0.1:64615 - "GET /sessions/1e5bbe1c-6c38-4589-9b81-ac2669f18e56 HTTP/1.1" 200 OK
INFO:     127.0.0.1:64615 - "GET /health HTTP/1.1" 200 OK
INFO:     127.0.0.1:64614 - "GET /monitoring/status HTTP/1.1" 200 OK
INFO:     127.0.0.1:56610 - "GET /execution/status HTTP/1.1" 200 OK
INFO:     127.0.0.1:56610 - "GET /health HTTP/1.1" 200 OK
INFO:     127.0.0.1:56610 - "GET /sessions/1e5bbe1c-6c38-4589-9b81-ac2669f18e56 HTTP/1.1" 200 OK
INFO:     127.0.0.1:56610 - "GET /health HTTP/1.1" 200 OK
INFO:     127.0.0.1:64614 - "GET /monitoring/status HTTP/1.1" 200 OK
INFO:     127.0.0.1:64615 - "GET /execution/status HTTP/1.1" 200 OK
INFO:     127.0.0.1:64615 - "GET /sessions/1e5bbe1c-6c38-4589-9b81-ac2669f18e56 HTTP/1.1" 200 OK
INFO:     127.0.0.1:64615 - "GET /health HTTP/1.1" 200 OK
INFO:     127.0.0.1:64614 - "GET /monitoring/status HTTP/1.1" 200 OK
INFO:     127.0.0.1:56610 - "GET /execution/status HTTP/1.1" 200 OK
INFO:     127.0.0.1:56610 - "GET /sessions/1e5bbe1c-6c38-4589-9b81-ac2669f18e56 HTTP/1.1" 200 OK
INFO:     127.0.0.1:56610 - "GET /health HTTP/1.1" 200 OK
INFO:     127.0.0.1:64614 - "GET /monitoring/status HTTP/1.1" 200 OK
INFO:     127.0.0.1:64615 - "GET /execution/status HTTP/1.1" 200 OK
INFO:     127.0.0.1:64615 - "GET /sessions/1e5bbe1c-6c38-4589-9b81-ac2669f18e56 HTTP/1.1" 200 OK
INFO:     127.0.0.1:64615 - "GET /health HTTP/1.1" 200 OK
INFO:     127.0.0.1:64614 - "GET /monitoring/status HTTP/1.1" 200 OK
INFO:     127.0.0.1:56610 - "GET /execution/status HTTP/1.1" 200 OK
INFO:     127.0.0.1:56610 - "GET /sessions/1e5bbe1c-6c38-4589-9b81-ac2669f18e56 HTTP/1.1" 200 OK
INFO:     127.0.0.1:56610 - "GET /health HTTP/1.1" 200 OK
INFO:     127.0.0.1:64614 - "GET /monitoring/status HTTP/1.1" 200 OK
INFO:     127.0.0.1:64615 - "GET /execution/status HTTP/1.1" 200 OK
INFO:     127.0.0.1:64615 - "GET /health HTTP/1.1" 200 OK
INFO:     127.0.0.1:64615 - "GET /sessions/1e5bbe1c-6c38-4589-9b81-ac2669f18e56 HTTP/1.1" 200 OK
INFO:     127.0.0.1:64615 - "GET /sessions/1e5bbe1c-6c38-4589-9b81-ac2669f18e56/events HTTP/1.1" 200 OK
INFO:     127.0.0.1:64615 - "GET /health HTTP/1.1" 200 OK
INFO:     127.0.0.1:64614 - "GET /monitoring/status HTTP/1.1" 200 OK
INFO:     127.0.0.1:56610 - "GET /execution/status HTTP/1.1" 200 OK
INFO:     127.0.0.1:56610 - "GET /health HTTP/1.1" 200 OK
INFO:     127.0.0.1:64614 - "GET /monitoring/status HTTP/1.1" 200 OK
INFO:     127.0.0.1:64615 - "GET /execution/status HTTP/1.1" 200 OK
INFO:     127.0.0.1:64615 - "GET /health HTTP/1.1" 200 OK
INFO:     127.0.0.1:64614 - "GET /monitoring/status HTTP/1.1" 200 OK
INFO:     127.0.0.1:56610 - "GET /execution/status HTTP/1.1" 200 OK
INFO:     127.0.0.1:56610 - "GET /health HTTP/1.1" 200 OK
INFO:     127.0.0.1:64614 - "GET /monitoring/status HTTP/1.1" 200 OK
INFO:     127.0.0.1:64615 - "GET /execution/status HTTP/1.1" 200 OK
INFO:     127.0.0.1:64615 - "GET /health HTTP/1.1" 200 OK
INFO:     127.0.0.1:64614 - "GET /monitoring/status HTTP/1.1" 200 OK
INFO:     127.0.0.1:56610 - "GET /execution/status HTTP/1.1" 200 OK
INFO:     127.0.0.1:56610 - "GET /health HTTP/1.1" 200 OK
INFO:     127.0.0.1:56610 - "GET /health HTTP/1.1" 200 OK
INFO:     127.0.0.1:64614 - "GET /execution/status HTTP/1.1" 200 OK
INFO:     127.0.0.1:64615 - "GET /monitoring/status HTTP/1.1" 200 OK
INFO:     127.0.0.1:64615 - "GET /health HTTP/1.1" 200 OK
INFO:     127.0.0.1:64614 - "GET /monitoring/status HTTP/1.1" 200 OK
INFO:     127.0.0.1:56610 - "GET /execution/status HTTP/1.1" 200 OK
INFO:     127.0.0.1:56610 - "GET /health HTTP/1.1" 200 OK
INFO:     127.0.0.1:64614 - "GET /monitoring/status HTTP/1.1" 200 OK
INFO:     127.0.0.1:64615 - "GET /execution/status HTTP/1.1" 200 OK
INFO:     127.0.0.1:64615 - "GET /health HTTP/1.1" 200 OK
INFO:     127.0.0.1:64614 - "GET /monitoring/status HTTP/1.1" 200 OK
INFO:     127.0.0.1:56610 - "GET /execution/status HTTP/1.1" 200 OK
INFO:     127.0.0.1:64614 - "GET /health HTTP/1.1" 200 OK
INFO:     127.0.0.1:56610 - "GET /monitoring/status HTTP/1.1" 200 OK
INFO:     127.0.0.1:64615 - "GET /execution/status HTTP/1.1" 200 OK
INFO:     127.0.0.1:64615 - "GET /health HTTP/1.1" 200 OK
INFO:     127.0.0.1:64615 - "GET /health HTTP/1.1" 200 OK
INFO:     127.0.0.1:56610 - "GET /monitoring/status HTTP/1.1" 200 OK
INFO:     127.0.0.1:64614 - "GET /execution/status HTTP/1.1" 200 OK
INFO:     127.0.0.1:64614 - "GET /health HTTP/1.1" 200 OK
INFO:     127.0.0.1:56610 - "GET /monitoring/status HTTP/1.1" 200 OK
INFO:     127.0.0.1:64615 - "GET /execution/status HTTP/1.1" 200 OK
INFO:     127.0.0.1:55341 - "GET /health HTTP/1.1" 200 OK
